100
1000
16 99
11 37
17 17
39 37
84 15
33 80
9 29
51 5
51 32
34 95
49 61
19 92
36 94
97 33
46 29
82 86
29 35
68 34
50 30
66 72
82 28
91 37
79 84
28 47
16 63
57 79
18 7
78 52
66 67
72 35
60 28
16 46
91 16
97 85
76 19
81 89
18 18
69 14
27 32
70 35
76 35
73 51
98 55
76 27
25 4
59 11
51 69
81 35
6 10
18 76
52 10
58 91
24 6
21 94
86 47
87 1
55 83
64 33
90 27
56 93
11 60
81 81
19 64
1 20
51 12
72 73
73 41
87 94
52 51
38 26
33 13
29 32
25 27
82 61
95 14
70 79
26 72
63 65
50 9
36 30
49 88
32 30
77 10
18 14
53 9
59 6
85 76
91 76
61 73
5 67
25 2
45 74
19 37
72 79
82 22
26 5
95 59
41 62
96 100
34 34
81 4
65 85
62 73
43 87
86 76
60 94
18 73
71 24
11 55
33 100
10 71
13 12
74 44
71 77
56 26
16 39
26 91
86 84
82 60
90 52
30 20
78 86
74 64
82 90
34 39
22 46
14 5
54 20
8 4
82 15
4 46
93 78
76 66
38 2
39 93
40 19
45 77
48 15
8 86
53 47
8 69
77 7
30 2
99 28
75 54
47 4
85 83
47 50
88 28
92 45
18 72
82 97
13 98
57 77
13 55
15 75
2 85
99 37
89 88
13 84
66 39
98 80
71 65
55 40
32 90
76 56
11 5
16 92
34 28
49 91
10 79
75 18
87 85
65 69
82 31
18 39
18 60
5 95
31 15
83 74
94 45
81 31
93 90
78 39
28 66
97 22
51 4
94 79
47 40
97 98
18 9
79 40
74 4
6 83
26 44
57 9
30 99
96 92
24 49
98 24
57 48
4 13
27 13
75 87
62 59
3 56
26 54
30 41
30 69
96 81
79 93
21 75
8 59
45 59
42 45
45 57
93 6
7 79
70 43
52 65
33 53
61 1
23 20
15 8
28 72
85 93
96 5
70 61
14 41
44 96
48 58
25 92
88 83
17 68
35 36
13 88
79 56
25 87
37 20
7 9
52 53
41 32
66 17
13 89
72 59
79 47
52 69
5 4
19 30
89 2
21 15
23 29
1 40
64 61
43 11
73 1
41 26
13 31
76 3
53 24
27 97
59 81
2 47
66 82
47 85
33 20
66 52
47 47
78 34
43 36
79 96
22 28
72 55
62 12
54 15
74 37
98 56
73 43
33 48
41 85
58 22
81 47
48 42
74 43
46 11
64 18
14 66
22 48
73 90
3 91
24 17
21 54
28 11
66 16
57 74
76 39
29 73
1 65
42 70
51 64
3 99
94 13
68 89
57 89
4 54
8 58
96 8
75 71
38 50
2 3
83 98
2 44
61 33
52 16
69 29
85 46
37 10
42 46
56 89
75 20
90 40
36 6
27 83
88 81
2 10
13 11
8 54
43 82
21 35
22 87
18 80
42 7
59 38
95 16
59 25
63 35
74 72
98 8
67 74
79 48
100 62
48 92
83 36
64 37
72 22
47 73
88 9
31 72
41 34
30 94
47 32
62 54
34 42
37 81
2 22
4 27
43 64
40 37
21 66
4 44
7 80
76 71
81 66
57 51
17 26
23 75
90 60
18 42
67 12
89 52
70 19
21 26
76 74
27 38
77 91
25 15
58 2
43 6
87 6
35 47
76 34
2 83
53 95
74 74
28 54
60 84
91 6
27 73
38 4
3 87
72 45
53 45
15 14
24 46
17 54
73 66
35 48
44 37
56 59
26 98
87 57
56 44
58 64
54 13
91 28
5 99
45 78
30 1
52 97
79 54
73 53
58 67
98 1
24 54
58 79
79 44
80 54
75 10
49 55
54 50
95 71
48 71
49 35
60 78
79 17
21 83
58 36
26 22
36 71
49 80
56 56
40 51
1 10
45 22
11 25
47 59
82 32
30 35
95 77
53 25
8 89
91 63
9 70
97 93
33 32
30 48
8 42
6 26
25 57
20 10
43 97
81 85
73 23
79 11
80 57
39 59
56 74
98 5
38 73
72 21
93 5
5 52
62 43
75 47
70 31
55 45
42 66
81 26
18 19
47 54
43 25
87 55
92 50
84 4
48 16
47 78
46 25
16 19
74 85
81 70
31 60
44 42
96 45
42 26
30 5
74 99
57 41
11 49
30 23
78 4
65 28
56 81
84 31
81 21
50 14
56 10
60 63
33 55
43 86
44 22
74 14
95 12
12 85
81 98
52 9
36 84
49 3
54 38
69 48
86 28
79 71
83 70
22 78
66 62
30 31
18 50
64 92
85 38
54 83
15 83
19 99
17 35
58 27
50 36
86 73
92 36
49 86
40 92
72 58
73 19
94 28
4 41
89 48
8 16
39 77
61 47
62 36
71 14
93 4
51 2
12 20
6 45
17 44
80 6
77 12
50 22
17 69
87 24
94 99
1 70
1 16
84 93
21 47
58 66
90 35
26 84
93 54
36 47
6 61
82 26
58 16
25 25
89 96
55 41
31 40
51 87
63 90
4 14
73 67
28 92
59 100
86 18
10 100
18 53
87 54
80 21
40 14
90 13
62 35
13 85
74 95
25 8
55 37
7 11
17 85
1 89
99 26
76 36
64 85
90 74
41 89
58 7
9 39
81 39
69 89
38 33
67 36
21 12
54 64
80 73
74 66
85 18
52 29
32 10
8 90
21 18
38 31
12 84
45 52
63 29
78 31
40 26
35 12
27 92
23 96
75 17
48 7
22 65
51 48
17 51
82 14
87 10
68 12
60 26
5 68
19 93
9 75
77 30
27 94
22 69
56 34
55 77
93 42
1 17
63 33
100 38
79 53
33 93
42 72
47 5
15 95
90 67
36 23
8 99
23 76
6 4
29 62
16 96
76 14
34 57
52 71
90 99
41 93
59 1
1 96
33 92
74 35
31 63
29 86
27 87
34 69
6 63
28 20
84 98
65 74
12 59
3 48
94 66
64 78
38 94
74 5
47 31
43 2
71 59
78 17
17 82
63 97
98 28
49 7
16 49
78 76
25 69
10 84
69 78
15 5
81 100
52 75
52 49
44 61
69 73
37 98
3 63
26 29
53 78
62 31
2 36
77 92
47 7
30 53
9 87
46 63
99 60
11 6
88 19
2 82
55 69
5 45
67 67
80 20
93 7
20 24
98 22
41 29
3 39
96 77
53 6
71 2
76 4
6 96
86 74
34 19
24 77
54 36
46 43
21 31
9 2
64 77
54 1
26 76
99 15
69 71
22 83
47 71
57 92
17 94
55 7
6 75
30 89
25 41
97 72
72 64
54 44
84 68
38 8
58 19
85 58
68 13
43 28
15 90
89 78
45 65
42 4
90 56
26 45
29 5
54 81
75 2
31 19
2 53
82 16
11 18
5 65
54 67
99 55
28 27
38 90
83 10
42 47
19 71
52 86
90 89
25 60
63 12
10 54
20 67
78 11
23 40
34 72
87 66
56 55
10 38
65 8
65 43
50 10
30 24
61 62
66 13
84 27
71 74
38 81
9 98
23 53
86 20
39 10
88 64
15 71
66 40
19 100
59 85
7 71
34 22
29 16
100 97
81 84
77 26
51 67
67 62
98 45
68 91
53 82
6 98
36 86
17 29
27 85
89 85
64 84
22 70
76 87
78 66
48 91
95 36
40 46
16 89
22 52
38 43
65 62
61 31
66 20
61 8
69 36
85 53
42 57
74 48
84 5
72 93
75 3
54 65
19 75
65 79
16 23
23 10
99 59
31 42
91 22
94 41
75 97
36 56
95 51
71 78
30 57
22 40
57 69
43 7
84 2
5 49
55 47
46 94
67 69
86 39
15 74
45 51
34 46
65 20
69 61
30 79
24 38
50 13
83 26
59 54
57 93
5 16
72 95
83 97
69 39
70 62
23 12
73 56
95 40
89 31
62 91
93 100
58 26
14 44
83 17
88 61
63 62
94 18
90 100
16 35
36 32
51 26
93 20
62 16
6 78
87 44
46 20
11 14
100 11
89 49
54 95
88 88
53 54
16 16
43 20
75 59
97 55
97 58
68 63
99 31
56 41
35 95
70 98
65 87
63 79
51 83
76 57
67 100
87 32
80 9
4 45
3 16
82 18
56 49
92 75
25 78
42 14
50 28
81 32
66 33
23 24
2 100
48 8
38 55
79 77
76 43
92 31
91 82
97 66
48 26
21 99
1 14
32 43
40 89
59 46
71 64
92 26
78 83
95 29
96 10
68 73
12 100
4 79
13 9
65 90
55 17
37 80
39 32
84 70
92 13
38 78
27 74
16 30
35 40
2 66
32 93
20 87
47 1
57 98
38 28
54 37
82 69
65 33
91 1
73 9
26 35
94 83
33 95
83 30
99 78
60 68
69 86
4 82
69 60
86 99
8 67
70 65
86 10
88 40
79 52
68 31
75 33
32 67
18 65
18 68
16 53
28 74
88 33
88 78
58 50
46 3
0 0 0 0 0 0 0 0 0 0 0 0 0 0 0 0 0 0 0 0 0 0 0 0 0 0 0 0 0 0 0 0 0 0 0 0 0 0 0 0 0 0 0 0 0 0 0 0 0 0 0 0 0 0 0 0 0 0 0 0 0 0 0 0 0 0 0 0 0 0 0 0 0 0 0 0 0 0 0 0 0 0 0 0 0 0 0 0 0 0 0 0 0 0 0 0 0 0 0 0 